[
  { "type": "message", "id": 0, "msg": "Initializing Matrix Demo...", "code": "" },
  { "type": "set_camera", "pitch": 0.5, "yaw": 0.5, "dist": 7, "fov": 45 },
  { "type": "create", "id": 1, "label": "Frame", "color": [0.8,0.8,0.8] },
  { "type": "set_semantic", "id": 1, "semantic": "Frame" },
  { "type": "set_matrix", "id": 1, "m": [1,0,0,0,0,1,0,0,0,0,1,0,0,0,0,1] },
  { "type": "message", "id": 0, "msg": "Creating Moving Frame...", "code": "Matrix4 moving = Identity();" },
  { "type": "create", "id": 2, "label": "Frame", "color": [0.8,0.8,0.8] },
  { "type": "set_semantic", "id": 2, "semantic": "Frame" },
  { "type": "set_matrix", "id": 2, "m": [1,0,0,0,0,1,0,0,0,0,1,0,0,0,0,1] },
  { "type": "create", "id": 3, "label": "", "color": [0.5,0.5,0.5] },
  { "type": "set_semantic", "id": 3, "semantic": "Point" },
  { "type": "move", "id": 3, "pos": [0.5,0.5,0] },
  { "type": "set_label", "id": 3, "label": "P_local" },
  { "type": "set_color", "id": 3, "color": [1,1,0] },
  { "type": "message", "id": 0, "msg": "Transforming Frame...", "code": "M = Translate(x) * Rotate(ang);" },
  { "type": "create", "id": 4, "label": "Frame", "color": [0.8,0.8,0.8] },
  { "type": "set_semantic", "id": 4, "semantic": "Frame" },
  { "type": "set_matrix", "id": 4, "m": [1,0,0,0,0,1,0,0,0,0,1,0,0,0,0,1] },
  { "type": "set_matrix", "id": 4, "m": [1,0,0,0,0,1,0,0,0,0,1,0,0,0,0,1] },
  { "type": "create", "id": 5, "label": "", "color": [0.5,0.5,0.5] },
  { "type": "set_semantic", "id": 5, "semantic": "Point" },
  { "type": "move", "id": 5, "pos": [0,1,0] },
  { "type": "create", "id": 6, "label": "Frame", "color": [0.8,0.8,0.8] },
  { "type": "set_semantic", "id": 6, "semantic": "Frame" },
  { "type": "set_matrix", "id": 6, "m": [1,0,0,0,0,1,0,0,0,0,1,0,0,0,0,1] },
  { "type": "set_matrix", "id": 6, "m": [1,0,0,0,0,1,0,0,0,0,1,0,0,0,0,1] },
  { "type": "create", "id": 7, "label": "Frame", "color": [0.8,0.8,0.8] },
  { "type": "set_semantic", "id": 7, "semantic": "Frame" },
  { "type": "set_matrix", "id": 7, "m": [1,0,0,0,0,1,0,0,0,0,1,0,0,0,0,1] },
  { "type": "set_matrix", "id": 2, "m": [1,0,0,0,0,1,0,0,0,0,1,0,0,0,0,1] },
  { "type": "destroy", "id": 5 },
  { "type": "message", "id": 0, "msg": "Transforming Point...", "code": "P_world = M * P_local;" },
  { "type": "create", "id": 8, "label": "", "color": [0.5,0.5,0.5] },
  { "type": "set_semantic", "id": 8, "semantic": "Point" },
  { "type": "move", "id": 8, "pos": [0.5,0.5,0] },
  { "type": "transform", "res": 8, "mat": 2, "vec": 3 },
  { "type": "set_label", "id": 8, "label": "P_world" },
  { "type": "set_color", "id": 8, "color": [0,1,1] },
  { "type": "set_visible", "id": 8, "visible": true },
  { "type": "destroy", "id": 8 },
  { "type": "message", "id": 0, "msg": "Transforming Frame...", "code": "M = Translate(x) * Rotate(ang);" },
  { "type": "create", "id": 9, "label": "Frame", "color": [0.8,0.8,0.8] },
  { "type": "set_semantic", "id": 9, "semantic": "Frame" },
  { "type": "set_matrix", "id": 9, "m": [1,0,0,0,0,1,0,0,0,0,1,0,0,0,0,1] },
  { "type": "set_matrix", "id": 9, "m": [1,0,0,0,0,1,0,0,0,0,1,0,0.0749688,0,0,1] },
  { "type": "create", "id": 10, "label": "", "color": [0.5,0.5,0.5] },
  { "type": "set_semantic", "id": 10, "semantic": "Point" },
  { "type": "move", "id": 10, "pos": [0,1,0] },
  { "type": "create", "id": 11, "label": "Frame", "color": [0.8,0.8,0.8] },
  { "type": "set_semantic", "id": 11, "semantic": "Frame" },
  { "type": "set_matrix", "id": 11, "m": [1,0,0,0,0,1,0,0,0,0,1,0,0,0,0,1] },
  { "type": "set_matrix", "id": 11, "m": [0.99875,0,-0.0499792,0,0,1,0,0,0.0499792,0,0.99875,0,0,0,0,1] },
  { "type": "create", "id": 12, "label": "Frame", "color": [0.8,0.8,0.8] },
  { "type": "set_semantic", "id": 12, "semantic": "Frame" },
  { "type": "set_matrix", "id": 12, "m": [0.99875,0,-0.0499792,0,0,1,0,0,0.0499792,0,0.99875,0,0.0749688,0,0,1] },
  { "type": "set_matrix", "id": 2, "m": [0.99875,0,-0.0499792,0,0,1,0,0,0.0499792,0,0.99875,0,0.0749688,0,0,1] },
  { "type": "destroy", "id": 10 },
  { "type": "message", "id": 0, "msg": "Transforming Point...", "code": "P_world = M * P_local;" },
  { "type": "create", "id": 13, "label": "", "color": [0.5,0.5,0.5] },
  { "type": "set_semantic", "id": 13, "semantic": "Point" },
  { "type": "move", "id": 13, "pos": [0.574344,0.5,-0.0249896] },
  { "type": "transform", "res": 13, "mat": 2, "vec": 3 },
  { "type": "set_label", "id": 13, "label": "P_world" },
  { "type": "set_color", "id": 13, "color": [0,1,1] },
  { "type": "set_visible", "id": 13, "visible": true },
  { "type": "destroy", "id": 13 },
  { "type": "message", "id": 0, "msg": "Transforming Frame...", "code": "M = Translate(x) * Rotate(ang);" },
  { "type": "create", "id": 14, "label": "Frame", "color": [0.8,0.8,0.8] },
  { "type": "set_semantic", "id": 14, "semantic": "Frame" },
  { "type": "set_matrix", "id": 14, "m": [1,0,0,0,0,1,0,0,0,0,1,0,0,0,0,1] },
  { "type": "set_matrix", "id": 14, "m": [1,0,0,0,0,1,0,0,0,0,1,0,0.14975,0,0,1] },
  { "type": "create", "id": 15, "label": "", "color": [0.5,0.5,0.5] },
  { "type": "set_semantic", "id": 15, "semantic": "Point" },
  { "type": "move", "id": 15, "pos": [0,1,0] },
  { "type": "create", "id": 16, "label": "Frame", "color": [0.8,0.8,0.8] },
  { "type": "set_semantic", "id": 16, "semantic": "Frame" },
  { "type": "set_matrix", "id": 16, "m": [1,0,0,0,0,1,0,0,0,0,1,0,0,0,0,1] },
  { "type": "set_matrix", "id": 16, "m": [0.995004,0,-0.0998334,0,0,1,0,0,0.0998334,0,0.995004,0,0,0,0,1] },
  { "type": "create", "id": 17, "label": "Frame", "color": [0.8,0.8,0.8] },
  { "type": "set_semantic", "id": 17, "semantic": "Frame" },
  { "type": "set_matrix", "id": 17, "m": [0.995004,0,-0.0998334,0,0,1,0,0,0.0998334,0,0.995004,0,0.14975,0,0,1] },
  { "type": "set_matrix", "id": 2, "m": [0.995004,0,-0.0998334,0,0,1,0,0,0.0998334,0,0.995004,0,0.14975,0,0,1] },
  { "type": "destroy", "id": 15 },
  { "type": "message", "id": 0, "msg": "Transforming Point...", "code": "P_world = M * P_local;" },
  { "type": "create", "id": 18, "label": "", "color": [0.5,0.5,0.5] },
  { "type": "set_semantic", "id": 18, "semantic": "Point" },
  { "type": "move", "id": 18, "pos": [0.647252,0.5,-0.0499167] },
  { "type": "transform", "res": 18, "mat": 2, "vec": 3 },
  { "type": "set_label", "id": 18, "label": "P_world" },
  { "type": "set_color", "id": 18, "color": [0,1,1] },
  { "type": "set_visible", "id": 18, "visible": true },
  { "type": "destroy", "id": 18 },
  { "type": "message", "id": 0, "msg": "Transforming Frame...", "code": "M = Translate(x) * Rotate(ang);" },
  { "type": "create", "id": 19, "label": "Frame", "color": [0.8,0.8,0.8] },
  { "type": "set_semantic", "id": 19, "semantic": "Frame" },
  { "type": "set_matrix", "id": 19, "m": [1,0,0,0,0,1,0,0,0,0,1,0,0,0,0,1] },
  { "type": "set_matrix", "id": 19, "m": [1,0,0,0,0,1,0,0,0,0,1,0,0.224157,0,0,1] },
  { "type": "create", "id": 20, "label": "", "color": [0.5,0.5,0.5] },
  { "type": "set_semantic", "id": 20, "semantic": "Point" },
  { "type": "move", "id": 20, "pos": [0,1,0] },
  { "type": "create", "id": 21, "label": "Frame", "color": [0.8,0.8,0.8] },
  { "type": "set_semantic", "id": 21, "semantic": "Frame" },
  { "type": "set_matrix", "id": 21, "m": [1,0,0,0,0,1,0,0,0,0,1,0,0,0,0,1] },
  { "type": "set_matrix", "id": 21, "m": [0.988771,0,-0.149438,0,0,1,0,0,0.149438,0,0.988771,0,0,0,0,1] },
  { "type": "create", "id": 22, "label": "Frame", "color": [0.8,0.8,0.8] },
  { "type": "set_semantic", "id": 22, "semantic": "Frame" },
  { "type": "set_matrix", "id": 22, "m": [0.988771,0,-0.149438,0,0,1,0,0,0.149438,0,0.988771,0,0.224157,0,0,1] },
  { "type": "set_matrix", "id": 2, "m": [0.988771,0,-0.149438,0,0,1,0,0,0.149438,0,0.988771,0,0.224157,0,0,1] },
  { "type": "destroy", "id": 20 },
  { "type": "message", "id": 0, "msg": "Transforming Point...", "code": "P_world = M * P_local;" },
  { "type": "create", "id": 23, "label": "", "color": [0.5,0.5,0.5] },
  { "type": "set_semantic", "id": 23, "semantic": "Point" },
  { "type": "move", "id": 23, "pos": [0.718543,0.5,-0.0747191] },
  { "type": "transform", "res": 23, "mat": 2, "vec": 3 },
  { "type": "set_label", "id": 23, "label": "P_world" },
  { "type": "set_color", "id": 23, "color": [0,1,1] },
  { "type": "set_visible", "id": 23, "visible": true },
  { "type": "destroy", "id": 23 },
  { "type": "message", "id": 0, "msg": "Transforming Frame...", "code": "M = Translate(x) * Rotate(ang);" },
  { "type": "create", "id": 24, "label": "Frame", "color": [0.8,0.8,0.8] },
  { "type": "set_semantic", "id": 24, "semantic": "Frame" },
  { "type": "set_matrix", "id": 24, "m": [1,0,0,0,0,1,0,0,0,0,1,0,0,0,0,1] },
  { "type": "set_matrix", "id": 24, "m": [1,0,0,0,0,1,0,0,0,0,1,0,0.298004,0,0,1] },
  { "type": "create", "id": 25, "label": "", "color": [0.5,0.5,0.5] },
  { "type": "set_semantic", "id": 25, "semantic": "Point" },
  { "type": "move", "id": 25, "pos": [0,1,0] },
  { "type": "create", "id": 26, "label": "Frame", "color": [0.8,0.8,0.8] },
  { "type": "set_semantic", "id": 26, "semantic": "Frame" },
  { "type": "set_matrix", "id": 26, "m": [1,0,0,0,0,1,0,0,0,0,1,0,0,0,0,1] },
  { "type": "set_matrix", "id": 26, "m": [0.980067,0,-0.198669,0,0,1,0,0,0.198669,0,0.980067,0,0,0,0,1] },
  { "type": "create", "id": 27, "label": "Frame", "color": [0.8,0.8,0.8] },
  { "type": "set_semantic", "id": 27, "semantic": "Frame" },
  { "type": "set_matrix", "id": 27, "m": [0.980067,0,-0.198669,0,0,1,0,0,0.198669,0,0.980067,0,0.298004,0,0,1] },
  { "type": "set_matrix", "id": 2, "m": [0.980067,0,-0.198669,0,0,1,0,0,0.198669,0,0.980067,0,0.298004,0,0,1] },
  { "type": "destroy", "id": 25 },
  { "type": "message", "id": 0, "msg": "Transforming Point...", "code": "P_world = M * P_local;" },
  { "type": "create", "id": 28, "label": "", "color": [0.5,0.5,0.5] },
  { "type": "set_semantic", "id": 28, "semantic": "Point" },
  { "type": "move", "id": 28, "pos": [0.788037,0.5,-0.0993347] },
  { "type": "transform", "res": 28, "mat": 2, "vec": 3 },
  { "type": "set_label", "id": 28, "label": "P_world" },
  { "type": "set_color", "id": 28, "color": [0,1,1] },
  { "type": "set_visible", "id": 28, "visible": true },
  { "type": "destroy", "id": 28 },
  { "type": "message", "id": 0, "msg": "Transforming Frame...", "code": "M = Translate(x) * Rotate(ang);" },
  { "type": "create", "id": 29, "label": "Frame", "color": [0.8,0.8,0.8] },
  { "type": "set_semantic", "id": 29, "semantic": "Frame" },
  { "type": "set_matrix", "id": 29, "m": [1,0,0,0,0,1,0,0,0,0,1,0,0,0,0,1] },
  { "type": "set_matrix", "id": 29, "m": [1,0,0,0,0,1,0,0,0,0,1,0,0.371106,0,0,1] },
  { "type": "create", "id": 30, "label": "", "color": [0.5,0.5,0.5] },
  { "type": "set_semantic", "id": 30, "semantic": "Point" },
  { "type": "move", "id": 30, "pos": [0,1,0] },
  { "type": "create", "id": 31, "label": "Frame", "color": [0.8,0.8,0.8] },
  { "type": "set_semantic", "id": 31, "semantic": "Frame" },
  { "type": "set_matrix", "id": 31, "m": [1,0,0,0,0,1,0,0,0,0,1,0,0,0,0,1] },
  { "type": "set_matrix", "id": 31, "m": [0.968912,0,-0.247404,0,0,1,0,0,0.247404,0,0.968912,0,0,0,0,1] },
  { "type": "create", "id": 32, "label": "Frame", "color": [0.8,0.8,0.8] },
  { "type": "set_semantic", "id": 32, "semantic": "Frame" },
  { "type": "set_matrix", "id": 32, "m": [0.968912,0,-0.247404,0,0,1,0,0,0.247404,0,0.968912,0,0.371106,0,0,1] },
  { "type": "set_matrix", "id": 2, "m": [0.968912,0,-0.247404,0,0,1,0,0,0.247404,0,0.968912,0,0.371106,0,0,1] },
  { "type": "destroy", "id": 30 },
  { "type": "message", "id": 0, "msg": "Transforming Point...", "code": "P_world = M * P_local;" },
  { "type": "create", "id": 33, "label": "", "color": [0.5,0.5,0.5] },
  { "type": "set_semantic", "id": 33, "semantic": "Point" },
  { "type": "move", "id": 33, "pos": [0.855562,0.5,-0.123702] },
  { "type": "transform", "res": 33, "mat": 2, "vec": 3 },
  { "type": "set_label", "id": 33, "label": "P_world" },
  { "type": "set_color", "id": 33, "color": [0,1,1] },
  { "type": "set_visible", "id": 33, "visible": true },
  { "type": "destroy", "id": 33 },
  { "type": "message", "id": 0, "msg": "Transforming Frame...", "code": "M = Translate(x) * Rotate(ang);" },
  { "type": "create", "id": 34, "label": "Frame", "color": [0.8,0.8,0.8] },
  { "type": "set_semantic", "id": 34, "semantic": "Frame" },
  { "type": "set_matrix", "id": 34, "m": [1,0,0,0,0,1,0,0,0,0,1,0,0,0,0,1] },
  { "type": "set_matrix", "id": 34, "m": [1,0,0,0,0,1,0,0,0,0,1,0,0.44328,0,0,1] },
  { "type": "create", "id": 35, "label": "", "color": [0.5,0.5,0.5] },
  { "type": "set_semantic", "id": 35, "semantic": "Point" },
  { "type": "move", "id": 35, "pos": [0,1,0] },
  { "type": "create", "id": 36, "label": "Frame", "color": [0.8,0.8,0.8] },
  { "type": "set_semantic", "id": 36, "semantic": "Frame" },
  { "type": "set_matrix", "id": 36, "m": [1,0,0,0,0,1,0,0,0,0,1,0,0,0,0,1] },
  { "type": "set_matrix", "id": 36, "m": [0.955336,0,-0.29552,0,0,1,0,0,0.29552,0,0.955336,0,0,0,0,1] },
  { "type": "create", "id": 37, "label": "Frame", "color": [0.8,0.8,0.8] },
  { "type": "set_semantic", "id": 37, "semantic": "Frame" },
  { "type": "set_matrix", "id": 37, "m": [0.955336,0,-0.29552,0,0,1,0,0,0.29552,0,0.955336,0,0.44328,0,0,1] },
  { "type": "set_matrix", "id": 2, "m": [0.955336,0,-0.29552,0,0,1,0,0,0.29552,0,0.955336,0,0.44328,0,0,1] },
  { "type": "destroy", "id": 35 },
  { "type": "message", "id": 0, "msg": "Transforming Point...", "code": "P_world = M * P_local;" },
  { "type": "create", "id": 38, "label": "", "color": [0.5,0.5,0.5] },
  { "type": "set_semantic", "id": 38, "semantic": "Point" },
  { "type": "move", "id": 38, "pos": [0.920949,0.5,-0.14776] },
  { "type": "transform", "res": 38, "mat": 2, "vec": 3 },
  { "type": "set_label", "id": 38, "label": "P_world" },
  { "type": "set_color", "id": 38, "color": [0,1,1] },
  { "type": "set_visible", "id": 38, "visible": true },
  { "type": "destroy", "id": 38 },
  { "type": "message", "id": 0, "msg": "Transforming Frame...", "code": "M = Translate(x) * Rotate(ang);" },
  { "type": "create", "id": 39, "label": "Frame", "color": [0.8,0.8,0.8] },
  { "type": "set_semantic", "id": 39, "semantic": "Frame" },
  { "type": "set_matrix", "id": 39, "m": [1,0,0,0,0,1,0,0,0,0,1,0,0,0,0,1] },
  { "type": "set_matrix", "id": 39, "m": [1,0,0,0,0,1,0,0,0,0,1,0,0.514347,0,0,1] },
  { "type": "create", "id": 40, "label": "", "color": [0.5,0.5,0.5] },
  { "type": "set_semantic", "id": 40, "semantic": "Point" },
  { "type": "move", "id": 40, "pos": [0,1,0] },
  { "type": "create", "id": 41, "label": "Frame", "color": [0.8,0.8,0.8] },
  { "type": "set_semantic", "id": 41, "semantic": "Frame" },
  { "type": "set_matrix", "id": 41, "m": [1,0,0,0,0,1,0,0,0,0,1,0,0,0,0,1] },
  { "type": "set_matrix", "id": 41, "m": [0.939373,0,-0.342898,0,0,1,0,0,0.342898,0,0.939373,0,0,0,0,1] },
  { "type": "create", "id": 42, "label": "Frame", "color": [0.8,0.8,0.8] },
  { "type": "set_semantic", "id": 42, "semantic": "Frame" },
  { "type": "set_matrix", "id": 42, "m": [0.939373,0,-0.342898,0,0,1,0,0,0.342898,0,0.939373,0,0.514347,0,0,1] },
  { "type": "set_matrix", "id": 2, "m": [0.939373,0,-0.342898,0,0,1,0,0,0.342898,0,0.939373,0,0.514347,0,0,1] },
  { "type": "destroy", "id": 40 },
  { "type": "message", "id": 0, "msg": "Transforming Point...", "code": "P_world = M * P_local;" },
  { "type": "create", "id": 43, "label": "", "color": [0.5,0.5,0.5] },
  { "type": "set_semantic", "id": 43, "semantic": "Point" },
  { "type": "move", "id": 43, "pos": [0.984033,0.5,-0.171449] },
  { "type": "transform", "res": 43, "mat": 2, "vec": 3 },
  { "type": "set_label", "id": 43, "label": "P_world" },
  { "type": "set_color", "id": 43, "color": [0,1,1] },
  { "type": "set_visible", "id": 43, "visible": true },
  { "type": "destroy", "id": 43 },
  { "type": "message", "id": 0, "msg": "Transforming Frame...", "code": "M = Translate(x) * Rotate(ang);" },
  { "type": "create", "id": 44, "label": "Frame", "color": [0.8,0.8,0.8] },
  { "type": "set_semantic", "id": 44, "semantic": "Frame" },
  { "type": "set_matrix", "id": 44, "m": [1,0,0,0,0,1,0,0,0,0,1,0,0,0,0,1] },
  { "type": "set_matrix", "id": 44, "m": [1,0,0,0,0,1,0,0,0,0,1,0,0.584128,0,0,1] },
  { "type": "create", "id": 45, "label": "", "color": [0.5,0.5,0.5] },
  { "type": "set_semantic", "id": 45, "semantic": "Point" },
  { "type": "move", "id": 45, "pos": [0,1,0] },
  { "type": "create", "id": 46, "label": "Frame", "color": [0.8,0.8,0.8] },
  { "type": "set_semantic", "id": 46, "semantic": "Frame" },
  { "type": "set_matrix", "id": 46, "m": [1,0,0,0,0,1,0,0,0,0,1,0,0,0,0,1] },
  { "type": "set_matrix", "id": 46, "m": [0.921061,0,-0.389418,0,0,1,0,0,0.389418,0,0.921061,0,0,0,0,1] },
  { "type": "create", "id": 47, "label": "Frame", "color": [0.8,0.8,0.8] },
  { "type": "set_semantic", "id": 47, "semantic": "Frame" },
  { "type": "set_matrix", "id": 47, "m": [0.921061,0,-0.389418,0,0,1,0,0,0.389418,0,0.921061,0,0.584128,0,0,1] },
  { "type": "set_matrix", "id": 2, "m": [0.921061,0,-0.389418,0,0,1,0,0,0.389418,0,0.921061,0,0.584128,0,0,1] },
  { "type": "destroy", "id": 45 },
  { "type": "message", "id": 0, "msg": "Transforming Point...", "code": "P_world = M * P_local;" },
  { "type": "create", "id": 48, "label": "", "color": [0.5,0.5,0.5] },
  { "type": "set_semantic", "id": 48, "semantic": "Point" },
  { "type": "move", "id": 48, "pos": [1.04466,0.5,-0.194709] },
  { "type": "transform", "res": 48, "mat": 2, "vec": 3 },
  { "type": "set_label", "id": 48, "label": "P_world" },
  { "type": "set_color", "id": 48, "color": [0,1,1] },
  { "type": "set_visible", "id": 48, "visible": true },
  { "type": "destroy", "id": 48 },
  { "type": "message", "id": 0, "msg": "Transforming Frame...", "code": "M = Translate(x) * Rotate(ang);" },
  { "type": "create", "id": 49, "label": "Frame", "color": [0.8,0.8,0.8] },
  { "type": "set_semantic", "id": 49, "semantic": "Frame" },
  { "type": "set_matrix", "id": 49, "m": [1,0,0,0,0,1,0,0,0,0,1,0,0,0,0,1] },
  { "type": "set_matrix", "id": 49, "m": [1,0,0,0,0,1,0,0,0,0,1,0,0.652448,0,0,1] },
  { "type": "create", "id": 50, "label": "", "color": [0.5,0.5,0.5] },
  { "type": "set_semantic", "id": 50, "semantic": "Point" },
  { "type": "move", "id": 50, "pos": [0,1,0] },
  { "type": "create", "id": 51, "label": "Frame", "color": [0.8,0.8,0.8] },
  { "type": "set_semantic", "id": 51, "semantic": "Frame" },
  { "type": "set_matrix", "id": 51, "m": [1,0,0,0,0,1,0,0,0,0,1,0,0,0,0,1] },
  { "type": "set_matrix", "id": 51, "m": [0.900447,0,-0.434966,0,0,1,0,0,0.434966,0,0.900447,0,0,0,0,1] },
  { "type": "create", "id": 52, "label": "Frame", "color": [0.8,0.8,0.8] },
  { "type": "set_semantic", "id": 52, "semantic": "Frame" },
  { "type": "set_matrix", "id": 52, "m": [0.900447,0,-0.434966,0,0,1,0,0,0.434966,0,0.900447,0,0.652448,0,0,1] },
  { "type": "set_matrix", "id": 2, "m": [0.900447,0,-0.434966,0,0,1,0,0,0.434966,0,0.900447,0,0.652448,0,0,1] },
  { "type": "destroy", "id": 50 },
  { "type": "message", "id": 0, "msg": "Transforming Point...", "code": "P_world = M * P_local;" },
  { "type": "create", "id": 53, "label": "", "color": [0.5,0.5,0.5] },
  { "type": "set_semantic", "id": 53, "semantic": "Point" },
  { "type": "move", "id": 53, "pos": [1.10267,0.5,-0.217483] },
  { "type": "transform", "res": 53, "mat": 2, "vec": 3 },
  { "type": "set_label", "id": 53, "label": "P_world" },
  { "type": "set_color", "id": 53, "color": [0,1,1] },
  { "type": "set_visible", "id": 53, "visible": true },
  { "type": "destroy", "id": 53 },
  { "type": "message", "id": 0, "msg": "Transforming Frame...", "code": "M = Translate(x) * Rotate(ang);" },
  { "type": "create", "id": 54, "label": "Frame", "color": [0.8,0.8,0.8] },
  { "type": "set_semantic", "id": 54, "semantic": "Frame" },
  { "type": "set_matrix", "id": 54, "m": [1,0,0,0,0,1,0,0,0,0,1,0,0,0,0,1] },
  { "type": "set_matrix", "id": 54, "m": [1,0,0,0,0,1,0,0,0,0,1,0,0.719138,0,0,1] },
  { "type": "create", "id": 55, "label": "", "color": [0.5,0.5,0.5] },
  { "type": "set_semantic", "id": 55, "semantic": "Point" },
  { "type": "move", "id": 55, "pos": [0,1,0] },
  { "type": "create", "id": 56, "label": "Frame", "color": [0.8,0.8,0.8] },
  { "type": "set_semantic", "id": 56, "semantic": "Frame" },
  { "type": "set_matrix", "id": 56, "m": [1,0,0,0,0,1,0,0,0,0,1,0,0,0,0,1] },
  { "type": "set_matrix", "id": 56, "m": [0.877583,0,-0.479426,0,0,1,0,0,0.479426,0,0.877583,0,0,0,0,1] },
  { "type": "create", "id": 57, "label": "Frame", "color": [0.8,0.8,0.8] },
  { "type": "set_semantic", "id": 57, "semantic": "Frame" },
  { "type": "set_matrix", "id": 57, "m": [0.877583,0,-0.479426,0,0,1,0,0,0.479426,0,0.877583,0,0.719138,0,0,1] },
  { "type": "set_matrix", "id": 2, "m": [0.877583,0,-0.479426,0,0,1,0,0,0.479426,0,0.877583,0,0.719138,0,0,1] },
  { "type": "destroy", "id": 55 },
  { "type": "message", "id": 0, "msg": "Transforming Point...", "code": "P_world = M * P_local;" },
  { "type": "create", "id": 58, "label": "", "color": [0.5,0.5,0.5] },
  { "type": "set_semantic", "id": 58, "semantic": "Point" },
  { "type": "move", "id": 58, "pos": [1.15793,0.5,-0.239713] },
  { "type": "transform", "res": 58, "mat": 2, "vec": 3 },
  { "type": "set_label", "id": 58, "label": "P_world" },
  { "type": "set_color", "id": 58, "color": [0,1,1] },
  { "type": "set_visible", "id": 58, "visible": true },
  { "type": "destroy", "id": 58 },
  { "type": "message", "id": 0, "msg": "Transforming Frame...", "code": "M = Translate(x) * Rotate(ang);" },
  { "type": "create", "id": 59, "label": "Frame", "color": [0.8,0.8,0.8] },
  { "type": "set_semantic", "id": 59, "semantic": "Frame" },
  { "type": "set_matrix", "id": 59, "m": [1,0,0,0,0,1,0,0,0,0,1,0,0,0,0,1] },
  { "type": "set_matrix", "id": 59, "m": [1,0,0,0,0,1,0,0,0,0,1,0,0.784031,0,0,1] },
  { "type": "create", "id": 60, "label": "", "color": [0.5,0.5,0.5] },
  { "type": "set_semantic", "id": 60, "semantic": "Point" },
  { "type": "move", "id": 60, "pos": [0,1,0] },
  { "type": "create", "id": 61, "label": "Frame", "color": [0.8,0.8,0.8] },
  { "type": "set_semantic", "id": 61, "semantic": "Frame" },
  { "type": "set_matrix", "id": 61, "m": [1,0,0,0,0,1,0,0,0,0,1,0,0,0,0,1] },
  { "type": "set_matrix", "id": 61, "m": [0.852525,0,-0.522687,0,0,1,0,0,0.522687,0,0.852525,0,0,0,0,1] },
  { "type": "create", "id": 62, "label": "Frame", "color": [0.8,0.8,0.8] },
  { "type": "set_semantic", "id": 62, "semantic": "Frame" },
  { "type": "set_matrix", "id": 62, "m": [0.852525,0,-0.522687,0,0,1,0,0,0.522687,0,0.852525,0,0.784031,0,0,1] },
  { "type": "set_matrix", "id": 2, "m": [0.852525,0,-0.522687,0,0,1,0,0,0.522687,0,0.852525,0,0.784031,0,0,1] },
  { "type": "destroy", "id": 60 },
  { "type": "message", "id": 0, "msg": "Transforming Point...", "code": "P_world = M * P_local;" },
  { "type": "create", "id": 63, "label": "", "color": [0.5,0.5,0.5] },
  { "type": "set_semantic", "id": 63, "semantic": "Point" },
  { "type": "move", "id": 63, "pos": [1.21029,0.5,-0.261344] },
  { "type": "transform", "res": 63, "mat": 2, "vec": 3 },
  { "type": "set_label", "id": 63, "label": "P_world" },
  { "type": "set_color", "id": 63, "color": [0,1,1] },
  { "type": "set_visible", "id": 63, "visible": true },
  { "type": "destroy", "id": 63 },
  { "type": "message", "id": 0, "msg": "Transforming Frame...", "code": "M = Translate(x) * Rotate(ang);" },
  { "type": "create", "id": 64, "label": "Frame", "color": [0.8,0.8,0.8] },
  { "type": "set_semantic", "id": 64, "semantic": "Frame" },
  { "type": "set_matrix", "id": 64, "m": [1,0,0,0,0,1,0,0,0,0,1,0,0,0,0,1] },
  { "type": "set_matrix", "id": 64, "m": [1,0,0,0,0,1,0,0,0,0,1,0,0.846964,0,0,1] },
  { "type": "create", "id": 65, "label": "", "color": [0.5,0.5,0.5] },
  { "type": "set_semantic", "id": 65, "semantic": "Point" },
  { "type": "move", "id": 65, "pos": [0,1,0] },
  { "type": "create", "id": 66, "label": "Frame", "color": [0.8,0.8,0.8] },
  { "type": "set_semantic", "id": 66, "semantic": "Frame" },
  { "type": "set_matrix", "id": 66, "m": [1,0,0,0,0,1,0,0,0,0,1,0,0,0,0,1] },
  { "type": "set_matrix", "id": 66, "m": [0.825336,0,-0.564642,0,0,1,0,0,0.564642,0,0.825336,0,0,0,0,1] },
  { "type": "create", "id": 67, "label": "Frame", "color": [0.8,0.8,0.8] },
  { "type": "set_semantic", "id": 67, "semantic": "Frame" },
  { "type": "set_matrix", "id": 67, "m": [0.825336,0,-0.564642,0,0,1,0,0,0.564642,0,0.825336,0,0.846964,0,0,1] },
  { "type": "set_matrix", "id": 2, "m": [0.825336,0,-0.564642,0,0,1,0,0,0.564642,0,0.825336,0,0.846964,0,0,1] },
  { "type": "destroy", "id": 65 },
  { "type": "message", "id": 0, "msg": "Transforming Point...", "code": "P_world = M * P_local;" },
  { "type": "create", "id": 68, "label": "", "color": [0.5,0.5,0.5] },
  { "type": "set_semantic", "id": 68, "semantic": "Point" },
  { "type": "move", "id": 68, "pos": [1.25963,0.5,-0.282321] },
  { "type": "transform", "res": 68, "mat": 2, "vec": 3 },
  { "type": "set_label", "id": 68, "label": "P_world" },
  { "type": "set_color", "id": 68, "color": [0,1,1] },
  { "type": "set_visible", "id": 68, "visible": true },
  { "type": "destroy", "id": 68 },
  { "type": "message", "id": 0, "msg": "Transforming Frame...", "code": "M = Translate(x) * Rotate(ang);" },
  { "type": "create", "id": 69, "label": "Frame", "color": [0.8,0.8,0.8] },
  { "type": "set_semantic", "id": 69, "semantic": "Frame" },
  { "type": "set_matrix", "id": 69, "m": [1,0,0,0,0,1,0,0,0,0,1,0,0,0,0,1] },
  { "type": "set_matrix", "id": 69, "m": [1,0,0,0,0,1,0,0,0,0,1,0,0.90778,0,0,1] },
  { "type": "create", "id": 70, "label": "", "color": [0.5,0.5,0.5] },
  { "type": "set_semantic", "id": 70, "semantic": "Point" },
  { "type": "move", "id": 70, "pos": [0,1,0] },
  { "type": "create", "id": 71, "label": "Frame", "color": [0.8,0.8,0.8] },
  { "type": "set_semantic", "id": 71, "semantic": "Frame" },
  { "type": "set_matrix", "id": 71, "m": [1,0,0,0,0,1,0,0,0,0,1,0,0,0,0,1] },
  { "type": "set_matrix", "id": 71, "m": [0.796084,0,-0.605186,0,0,1,0,0,0.605186,0,0.796084,0,0,0,0,1] },
  { "type": "create", "id": 72, "label": "Frame", "color": [0.8,0.8,0.8] },
  { "type": "set_semantic", "id": 72, "semantic": "Frame" },
  { "type": "set_matrix", "id": 72, "m": [0.796084,0,-0.605186,0,0,1,0,0,0.605186,0,0.796084,0,0.90778,0,0,1] },
  { "type": "set_matrix", "id": 2, "m": [0.796084,0,-0.605186,0,0,1,0,0,0.605186,0,0.796084,0,0.90778,0,0,1] },
  { "type": "destroy", "id": 70 },
  { "type": "message", "id": 0, "msg": "Transforming Point...", "code": "P_world = M * P_local;" },
  { "type": "create", "id": 73, "label": "", "color": [0.5,0.5,0.5] },
  { "type": "set_semantic", "id": 73, "semantic": "Point" },
  { "type": "move", "id": 73, "pos": [1.30582,0.5,-0.302593] },
  { "type": "transform", "res": 73, "mat": 2, "vec": 3 },
  { "type": "set_label", "id": 73, "label": "P_world" },
  { "type": "set_color", "id": 73, "color": [0,1,1] },
  { "type": "set_visible", "id": 73, "visible": true },
  { "type": "destroy", "id": 73 },
  { "type": "message", "id": 0, "msg": "Transforming Frame...", "code": "M = Translate(x) * Rotate(ang);" },
  { "type": "create", "id": 74, "label": "Frame", "color": [0.8,0.8,0.8] },
  { "type": "set_semantic", "id": 74, "semantic": "Frame" },
  { "type": "set_matrix", "id": 74, "m": [1,0,0,0,0,1,0,0,0,0,1,0,0,0,0,1] },
  { "type": "set_matrix", "id": 74, "m": [1,0,0,0,0,1,0,0,0,0,1,0,0.966327,0,0,1] },
  { "type": "create", "id": 75, "label": "", "color": [0.5,0.5,0.5] },
  { "type": "set_semantic", "id": 75, "semantic": "Point" },
  { "type": "move", "id": 75, "pos": [0,1,0] },
  { "type": "create", "id": 76, "label": "Frame", "color": [0.8,0.8,0.8] },
  { "type": "set_semantic", "id": 76, "semantic": "Frame" },
  { "type": "set_matrix", "id": 76, "m": [1,0,0,0,0,1,0,0,0,0,1,0,0,0,0,1] },
  { "type": "set_matrix", "id": 76, "m": [0.764842,0,-0.644218,0,0,1,0,0,0.644218,0,0.764842,0,0,0,0,1] },
  { "type": "create", "id": 77, "label": "Frame", "color": [0.8,0.8,0.8] },
  { "type": "set_semantic", "id": 77, "semantic": "Frame" },
  { "type": "set_matrix", "id": 77, "m": [0.764842,0,-0.644218,0,0,1,0,0,0.644218,0,0.764842,0,0.966327,0,0,1] },
  { "type": "set_matrix", "id": 2, "m": [0.764842,0,-0.644218,0,0,1,0,0,0.644218,0,0.764842,0,0.966327,0,0,1] },
  { "type": "destroy", "id": 75 },
  { "type": "message", "id": 0, "msg": "Transforming Point...", "code": "P_world = M * P_local;" },
  { "type": "create", "id": 78, "label": "", "color": [0.5,0.5,0.5] },
  { "type": "set_semantic", "id": 78, "semantic": "Point" },
  { "type": "move", "id": 78, "pos": [1.34875,0.5,-0.322109] },
  { "type": "transform", "res": 78, "mat": 2, "vec": 3 },
  { "type": "set_label", "id": 78, "label": "P_world" },
  { "type": "set_color", "id": 78, "color": [0,1,1] },
  { "type": "set_visible", "id": 78, "visible": true },
  { "type": "destroy", "id": 78 },
  { "type": "message", "id": 0, "msg": "Transforming Frame...", "code": "M = Translate(x) * Rotate(ang);" },
  { "type": "create", "id": 79, "label": "Frame", "color": [0.8,0.8,0.8] },
  { "type": "set_semantic", "id": 79, "semantic": "Frame" },
  { "type": "set_matrix", "id": 79, "m": [1,0,0,0,0,1,0,0,0,0,1,0,0,0,0,1] },
  { "type": "set_matrix", "id": 79, "m": [1,0,0,0,0,1,0,0,0,0,1,0,1.02246,0,0,1] },
  { "type": "create", "id": 80, "label": "", "color": [0.5,0.5,0.5] },
  { "type": "set_semantic", "id": 80, "semantic": "Point" },
  { "type": "move", "id": 80, "pos": [0,1,0] },
  { "type": "create", "id": 81, "label": "Frame", "color": [0.8,0.8,0.8] },
  { "type": "set_semantic", "id": 81, "semantic": "Frame" },
  { "type": "set_matrix", "id": 81, "m": [1,0,0,0,0,1,0,0,0,0,1,0,0,0,0,1] },
  { "type": "set_matrix", "id": 81, "m": [0.731689,0,-0.681639,0,0,1,0,0,0.681639,0,0.731689,0,0,0,0,1] },
  { "type": "create", "id": 82, "label": "Frame", "color": [0.8,0.8,0.8] },
  { "type": "set_semantic", "id": 82, "semantic": "Frame" },
  { "type": "set_matrix", "id": 82, "m": [0.731689,0,-0.681639,0,0,1,0,0,0.681639,0,0.731689,0,1.02246,0,0,1] },
  { "type": "set_matrix", "id": 2, "m": [0.731689,0,-0.681639,0,0,1,0,0,0.681639,0,0.731689,0,1.02246,0,0,1] },
  { "type": "destroy", "id": 80 },
  { "type": "message", "id": 0, "msg": "Transforming Point...", "code": "P_world = M * P_local;" },
  { "type": "create", "id": 83, "label": "", "color": [0.5,0.5,0.5] },
  { "type": "set_semantic", "id": 83, "semantic": "Point" },
  { "type": "move", "id": 83, "pos": [1.3883,0.5,-0.340819] },
  { "type": "transform", "res": 83, "mat": 2, "vec": 3 },
  { "type": "set_label", "id": 83, "label": "P_world" },
  { "type": "set_color", "id": 83, "color": [0,1,1] },
  { "type": "set_visible", "id": 83, "visible": true },
  { "type": "destroy", "id": 83 },
  { "type": "message", "id": 0, "msg": "Transforming Frame...", "code": "M = Translate(x) * Rotate(ang);" },
  { "type": "create", "id": 84, "label": "Frame", "color": [0.8,0.8,0.8] },
  { "type": "set_semantic", "id": 84, "semantic": "Frame" },
  { "type": "set_matrix", "id": 84, "m": [1,0,0,0,0,1,0,0,0,0,1,0,0,0,0,1] },
  { "type": "set_matrix", "id": 84, "m": [1,0,0,0,0,1,0,0,0,0,1,0,1.07603,0,0,1] },
  { "type": "create", "id": 85, "label": "", "color": [0.5,0.5,0.5] },
  { "type": "set_semantic", "id": 85, "semantic": "Point" },
  { "type": "move", "id": 85, "pos": [0,1,0] },
  { "type": "create", "id": 86, "label": "Frame", "color": [0.8,0.8,0.8] },
  { "type": "set_semantic", "id": 86, "semantic": "Frame" },
  { "type": "set_matrix", "id": 86, "m": [1,0,0,0,0,1,0,0,0,0,1,0,0,0,0,1] },
  { "type": "set_matrix", "id": 86, "m": [0.696707,0,-0.717356,0,0,1,0,0,0.717356,0,0.696707,0,0,0,0,1] },
  { "type": "create", "id": 87, "label": "Frame", "color": [0.8,0.8,0.8] },
  { "type": "set_semantic", "id": 87, "semantic": "Frame" },
  { "type": "set_matrix", "id": 87, "m": [0.696707,0,-0.717356,0,0,1,0,0,0.717356,0,0.696707,0,1.07603,0,0,1] },
  { "type": "set_matrix", "id": 2, "m": [0.696707,0,-0.717356,0,0,1,0,0,0.717356,0,0.696707,0,1.07603,0,0,1] },
  { "type": "destroy", "id": 85 },
  { "type": "message", "id": 0, "msg": "Transforming Point...", "code": "P_world = M * P_local;" },
  { "type": "create", "id": 88, "label": "", "color": [0.5,0.5,0.5] },
  { "type": "set_semantic", "id": 88, "semantic": "Point" },
  { "type": "move", "id": 88, "pos": [1.42439,0.5,-0.358678] },
  { "type": "transform", "res": 88, "mat": 2, "vec": 3 },
  { "type": "set_label", "id": 88, "label": "P_world" },
  { "type": "set_color", "id": 88, "color": [0,1,1] },
  { "type": "set_visible", "id": 88, "visible": true },
  { "type": "destroy", "id": 88 },
  { "type": "message", "id": 0, "msg": "Transforming Frame...", "code": "M = Translate(x) * Rotate(ang);" },
  { "type": "create", "id": 89, "label": "Frame", "color": [0.8,0.8,0.8] },
  { "type": "set_semantic", "id": 89, "semantic": "Frame" },
  { "type": "set_matrix", "id": 89, "m": [1,0,0,0,0,1,0,0,0,0,1,0,0,0,0,1] },
  { "type": "set_matrix", "id": 89, "m": [1,0,0,0,0,1,0,0,0,0,1,0,1.12692,0,0,1] },
  { "type": "create", "id": 90, "label": "", "color": [0.5,0.5,0.5] },
  { "type": "set_semantic", "id": 90, "semantic": "Point" },
  { "type": "move", "id": 90, "pos": [0,1,0] },
  { "type": "create", "id": 91, "label": "Frame", "color": [0.8,0.8,0.8] },
  { "type": "set_semantic", "id": 91, "semantic": "Frame" },
  { "type": "set_matrix", "id": 91, "m": [1,0,0,0,0,1,0,0,0,0,1,0,0,0,0,1] },
  { "type": "set_matrix", "id": 91, "m": [0.659983,0,-0.75128,0,0,1,0,0,0.75128,0,0.659983,0,0,0,0,1] },
  { "type": "create", "id": 92, "label": "Frame", "color": [0.8,0.8,0.8] },
  { "type": "set_semantic", "id": 92, "semantic": "Frame" },
  { "type": "set_matrix", "id": 92, "m": [0.659983,0,-0.75128,0,0,1,0,0,0.75128,0,0.659983,0,1.12692,0,0,1] },
  { "type": "set_matrix", "id": 2, "m": [0.659983,0,-0.75128,0,0,1,0,0,0.75128,0,0.659983,0,1.12692,0,0,1] },
  { "type": "destroy", "id": 90 },
  { "type": "message", "id": 0, "msg": "Transforming Point...", "code": "P_world = M * P_local;" },
  { "type": "create", "id": 93, "label": "", "color": [0.5,0.5,0.5] },
  { "type": "set_semantic", "id": 93, "semantic": "Point" },
  { "type": "move", "id": 93, "pos": [1.45691,0.5,-0.37564] },
  { "type": "transform", "res": 93, "mat": 2, "vec": 3 },
  { "type": "set_label", "id": 93, "label": "P_world" },
  { "type": "set_color", "id": 93, "color": [0,1,1] },
  { "type": "set_visible", "id": 93, "visible": true },
  { "type": "destroy", "id": 93 },
  { "type": "message", "id": 0, "msg": "Transforming Frame...", "code": "M = Translate(x) * Rotate(ang);" },
  { "type": "create", "id": 94, "label": "Frame", "color": [0.8,0.8,0.8] },
  { "type": "set_semantic", "id": 94, "semantic": "Frame" },
  { "type": "set_matrix", "id": 94, "m": [1,0,0,0,0,1,0,0,0,0,1,0,0,0,0,1] },
  { "type": "set_matrix", "id": 94, "m": [1,0,0,0,0,1,0,0,0,0,1,0,1.17499,0,0,1] },
  { "type": "create", "id": 95, "label": "", "color": [0.5,0.5,0.5] },
  { "type": "set_semantic", "id": 95, "semantic": "Point" },
  { "type": "move", "id": 95, "pos": [0,1,0] },
  { "type": "create", "id": 96, "label": "Frame", "color": [0.8,0.8,0.8] },
  { "type": "set_semantic", "id": 96, "semantic": "Frame" },
  { "type": "set_matrix", "id": 96, "m": [1,0,0,0,0,1,0,0,0,0,1,0,0,0,0,1] },
  { "type": "set_matrix", "id": 96, "m": [0.62161,0,-0.783327,0,0,1,0,0,0.783327,0,0.62161,0,0,0,0,1] },
  { "type": "create", "id": 97, "label": "Frame", "color": [0.8,0.8,0.8] },
  { "type": "set_semantic", "id": 97, "semantic": "Frame" },
  { "type": "set_matrix", "id": 97, "m": [0.62161,0,-0.783327,0,0,1,0,0,0.783327,0,0.62161,0,1.17499,0,0,1] },
  { "type": "set_matrix", "id": 2, "m": [0.62161,0,-0.783327,0,0,1,0,0,0.783327,0,0.62161,0,1.17499,0,0,1] },
  { "type": "destroy", "id": 95 },
  { "type": "message", "id": 0, "msg": "Transforming Point...", "code": "P_world = M * P_local;" },
  { "type": "create", "id": 98, "label": "", "color": [0.5,0.5,0.5] },
  { "type": "set_semantic", "id": 98, "semantic": "Point" },
  { "type": "move", "id": 98, "pos": [1.4858,0.5,-0.391663] },
  { "type": "transform", "res": 98, "mat": 2, "vec": 3 },
  { "type": "set_label", "id": 98, "label": "P_world" },
  { "type": "set_color", "id": 98, "color": [0,1,1] },
  { "type": "set_visible", "id": 98, "visible": true },
  { "type": "destroy", "id": 98 },
  { "type": "message", "id": 0, "msg": "Transforming Frame...", "code": "M = Translate(x) * Rotate(ang);" },
  { "type": "create", "id": 99, "label": "Frame", "color": [0.8,0.8,0.8] },
  { "type": "set_semantic", "id": 99, "semantic": "Frame" },
  { "type": "set_matrix", "id": 99, "m": [1,0,0,0,0,1,0,0,0,0,1,0,0,0,0,1] },
  { "type": "set_matrix", "id": 99, "m": [1,0,0,0,0,1,0,0,0,0,1,0,1.22012,0,0,1] },
  { "type": "create", "id": 100, "label": "", "color": [0.5,0.5,0.5] },
  { "type": "set_semantic", "id": 100, "semantic": "Point" },
  { "type": "move", "id": 100, "pos": [0,1,0] },
  { "type": "create", "id": 101, "label": "Frame", "color": [0.8,0.8,0.8] },
  { "type": "set_semantic", "id": 101, "semantic": "Frame" },
  { "type": "set_matrix", "id": 101, "m": [1,0,0,0,0,1,0,0,0,0,1,0,0,0,0,1] },
  { "type": "set_matrix", "id": 101, "m": [0.581683,0,-0.813416,0,0,1,0,0,0.813416,0,0.581683,0,0,0,0,1] },
  { "type": "create", "id": 102, "label": "Frame", "color": [0.8,0.8,0.8] },
  { "type": "set_semantic", "id": 102, "semantic": "Frame" },
  { "type": "set_matrix", "id": 102, "m": [0.581683,0,-0.813416,0,0,1,0,0,0.813416,0,0.581683,0,1.22012,0,0,1] },
  { "type": "set_matrix", "id": 2, "m": [0.581683,0,-0.813416,0,0,1,0,0,0.813416,0,0.581683,0,1.22012,0,0,1] },
  { "type": "destroy", "id": 100 },
  { "type": "message", "id": 0, "msg": "Transforming Point...", "code": "P_world = M * P_local;" },
  { "type": "create", "id": 103, "label": "", "color": [0.5,0.5,0.5] },
  { "type": "set_semantic", "id": 103, "semantic": "Point" },
  { "type": "move", "id": 103, "pos": [1.51096,0.5,-0.406708] },
  { "type": "transform", "res": 103, "mat": 2, "vec": 3 },
  { "type": "set_label", "id": 103, "label": "P_world" },
  { "type": "set_color", "id": 103, "color": [0,1,1] },
  { "type": "set_visible", "id": 103, "visible": true },
  { "type": "destroy", "id": 103 },
  { "type": "message", "id": 0, "msg": "Transforming Frame...", "code": "M = Translate(x) * Rotate(ang);" },
  { "type": "create", "id": 104, "label": "Frame", "color": [0.8,0.8,0.8] },
  { "type": "set_semantic", "id": 104, "semantic": "Frame" },
  { "type": "set_matrix", "id": 104, "m": [1,0,0,0,0,1,0,0,0,0,1,0,0,0,0,1] },
  { "type": "set_matrix", "id": 104, "m": [1,0,0,0,0,1,0,0,0,0,1,0,1.26221,0,0,1] },
  { "type": "create", "id": 105, "label": "", "color": [0.5,0.5,0.5] },
  { "type": "set_semantic", "id": 105, "semantic": "Point" },
  { "type": "move", "id": 105, "pos": [0,1,0] },
  { "type": "create", "id": 106, "label": "Frame", "color": [0.8,0.8,0.8] },
  { "type": "set_semantic", "id": 106, "semantic": "Frame" },
  { "type": "set_matrix", "id": 106, "m": [1,0,0,0,0,1,0,0,0,0,1,0,0,0,0,1] },
  { "type": "set_matrix", "id": 106, "m": [0.540302,0,-0.841471,0,0,1,0,0,0.841471,0,0.540302,0,0,0,0,1] },
  { "type": "create", "id": 107, "label": "Frame", "color": [0.8,0.8,0.8] },
  { "type": "set_semantic", "id": 107, "semantic": "Frame" },
  { "type": "set_matrix", "id": 107, "m": [0.540302,0,-0.841471,0,0,1,0,0,0.841471,0,0.540302,0,1.26221,0,0,1] },
  { "type": "set_matrix", "id": 2, "m": [0.540302,0,-0.841471,0,0,1,0,0,0.841471,0,0.540302,0,1.26221,0,0,1] },
  { "type": "destroy", "id": 105 },
  { "type": "message", "id": 0, "msg": "Transforming Point...", "code": "P_world = M * P_local;" },
  { "type": "create", "id": 108, "label": "", "color": [0.5,0.5,0.5] },
  { "type": "set_semantic", "id": 108, "semantic": "Point" },
  { "type": "move", "id": 108, "pos": [1.53236,0.5,-0.420735] },
  { "type": "transform", "res": 108, "mat": 2, "vec": 3 },
  { "type": "set_label", "id": 108, "label": "P_world" },
  { "type": "set_color", "id": 108, "color": [0,1,1] },
